10                        6.626210503763643E-4
20                        0.0026629364356083366
30                        0.006039146286406148
40                        0.010857835298602455
50                        0.01721870023357144
60                        0.02526192569221154
70                        0.03517908045752592
80                        0.04722881839114898
90                        0.06175915144589686
100                       0.07923846311120496
110                       0.10029716712336355
120                       0.12577918453989112
130                       0.15679208125217492
140                       0.19471330193699982
150                       0.241026524987972
160                       0.2966778236269942
170                       0.36038848207173013
180                       0.42564552728033883
190                       0.4787752246017421
200                       0.5049709401392646
210                       0.5023549550380101
220                       0.4853971538934219
230                       0.47124341435783096
240                       0.46904971402231793
250                       0.4802167191361168
260                       0.5018861159160392
270                       0.5291129981822662
280                       0.5560168914811181
290                       0.5772098103166745
300                       0.5897692764349342
310                       0.5945023241042583
320                       0.5951532512474701
330                       0.5960893411083636
340                       0.600296833170378
350                       0.6086837229728745
360                       0.6204027177203008
370                       0.6335908556546134
380                       0.6461866166707775
390                       0.6566632220391686
400                       0.664497789577455
410                       0.67020285640772
420                       0.6749299350117361
430                       0.6798892456016729
440                       0.6858894162974943
450                       0.6931594770215364
460                       0.7014362355652373
470                       0.7102062881055761
480                       0.7189804530114118
490                       0.7275030103088571
500                       0.7358387430874258
510                       0.7443354045208457
520                       0.7535128405423174
530                       0.763953975918655
540                       0.7762483717979073
550                       0.7909621603770991
560                       0.8084690823652729
570                       0.8283090783142112
580                       0.8479760934899095
590                       0.8626639571680982
600                       0.8685487646432899
610                       0.8666156574833352
620                       0.8610086786690311
630                       0.8551354822807381
640                       0.8505016392267534
650                       0.847389453116884
660                       0.8455943717262121
670                       0.8448047382803472
680                       0.8447460985179648
690                       0.8452180889362024
700                       0.8460886082354638
710                       0.8472742631786423
720                       0.8487208487675105
730                       0.8503902866934887
740                       0.8522557070795156
750                       0.8543031424544802
760                       0.8565367722326012
770                       0.8589848021517899
780                       0.8617043532528526
790                       0.8647852565614468
800                       0.8683533586812822
810                       0.8725727675045822
820                       0.8776422245229416
830                       0.8837724791551722
840                       0.8911210240461961
850                       0.8996609919711527
860                       0.9090058755661187
870                       0.918322410199111
880                       0.9265316751639948
890                       0.9327920612368513
900                       0.9368915721915135
910                       0.9392244510604429
920                       0.9404868972139324
930                       0.9414229650859375
940                       0.9427578547142721
950                       0.945241649675717
960                       0.9495967772299712
970                       0.9560538602207562
980                       0.9635057624502822
990                       0.9696290030369212
1000                      0.9728437613246265
1010                      0.9734579362318753
1020                      0.9726424652292486
1030                      0.9713506503643338
1040                      0.9701013364610959
1050                      0.9691276494055862
1060                      0.9685279102299708
1070                      0.9683511117298306
1080                      0.9686359559565163
1090                      0.9694241247937587
1100                      0.9707577857179778
1110                      0.9726642747225627
1120                      0.9751291733294281
1130                      0.9780632924694621
1140                      0.9812786990744327
1150                      0.9844966667700404
1160                      0.9874019888246615
1170                      0.9897278982176533
1180                      0.9913270017792319
1190                      0.9921899882727783
1200                      0.992412193912408
1210                      0.9921386318751274
1220                      0.9915176983038338
1230                      0.9906757804584135
1240                      0.9897102042124207
1250                      0.9886930182252887
1260                      0.9876793566105556
1270                      0.9867169471459288
1280                      0.9858555839276186
1290                      0.9851566922953979
1300                      0.9847036553314652
1310                      0.9846132522152975
1320                      0.9850462122399503
1330                      0.9862066963807208
1340                      0.9882981996696816
1350                      0.9913640440428908
1360                      0.9949573186731879
1370                      0.9979124764119216
1380                      0.9989716879686587
1390                      0.9980087818743358
1400                      0.996010778215084
1410                      0.9939414429290957
1420                      0.9921562887201595
1430                      0.9904837015115148
1440                      0.9884001356348094
1450                      0.9851644925218302
1460                      0.9800465441456727
1470                      0.9726582089896412
1480                      0.9631396506014506
1490                      0.9520260933107347
1500                      0.9399577731835813
1510                      0.927476711956911
1520                      0.9149718000885859
1530                      0.9027078920783893
1540                      0.8908745880575407
1550                      0.8796265273641508
1560                      0.8691097914467326
1570                      0.8594765716293202
1580                      0.8508909055379437
1590                      0.8435270665673418
1600                      0.8375609704215623
1610                      0.8331543046242688
1620                      0.830431257373494
1630                      0.82944900128804
1640                      0.8301656975329945
1650                      0.8324135599964255
1660                      0.8358884421498707
1670                      0.8401693877607539
1680                      0.8447790393657786
1690                      0.8492872947623963
1700                      0.8534473142833922
1710                      0.8573366473952646
1720                      0.8614494827087407
1730                      0.8666147136699566
1740                      0.8734440970896287
1750                      0.880893124437661
1760                      0.8845310183246885
1770                      0.8781346717778544
1780                      0.8601451819704612
1790                      0.8358407913298184
1800                      0.8116971640097645
1810                      0.7914203007867349
1820                      0.7763299273278844
1830                      0.7666924696752518
1840                      0.7624638632299361
1850                      0.7635229118261003
1860                      0.7696656478818032
1870                      0.7805018582105019
1880                      0.7953161375681822
1890                      0.8129438355349967
1900                      0.8317358348461118
1910                      0.8497038862182471
1920                      0.8648909370174649
1930                      0.8758667773935137
1940                      0.8820981675440759
1950                      0.883969966509237
1960                      0.8824752936765601
1970                      0.8788114362404466
1980                      0.8740989179272256
1990                      0.8692563187773303
2000                      0.8649111580553202
2010                      0.8612004651850047
2020                      0.8574330743348153
2030                      0.8518810632232078
2040                      0.8422650809842831
2050                      0.8271196224491215
2060                      0.8070138896967675
2070                      0.7843666487535704
2080                      0.7622049368839323
2090                      0.7431858304710427
2100                      0.7294147337863925
2110                      0.7227430637777769
2120                      0.7250634756814354
2130                      0.7380217475921492
2140                      0.761142642807078
2150                      0.7881253316228275
2160                      0.8066915795888743
2170                      0.8088633497489974
2180                      0.7985979647270078
2190                      0.7843294242165133
2200                      0.771151444994919
2210                      0.7604377434564589
2220                      0.751824957209412
2230                      0.7445281715873506
2240                      0.7378894129763739
2250                      0.7315491298342175
2260                      0.7254658214090426
2270                      0.7198741597967191
2280                      0.7152142269055911
2290                      0.7120435545432907
2300                      0.7109356626634443
2310                      0.7123654518715812
2320                      0.716582438494776
2330                      0.723479909857653
2340                      0.7324839626883525
2350                      0.7425083727748293
2360                      0.752035339033853
2370                      0.7593628201232773
2380                      0.7629883363349813
2390                      0.7620018478731475
2400                      0.7563134739136977
2410                      0.7466089460592883
2420                      0.7340719937272168
2430                      0.7200246524098692
2440                      0.7056401366467472
2450                      0.6918076898218232
2460                      0.6791499260512479
2470                      0.6681550474456588
2480                      0.659387899293825
2490                      0.6537632190711458
2500                      0.6528700130264394
2510                      0.6592500950219
2520                      0.6761306510514641
2530                      0.7051047056836326
2540                      0.7403156490981352
2550                      0.7658178526870962
2560                      0.7697597093631635
2570                      0.7583839811786052
2580                      0.745760033529925
2590                      0.7409721933636553
2600                      0.7462979983353252
2610                      0.7590020704674157
2620                      0.7736310437747883
2630                      0.7854195046659871
2640                      0.7928866443600991
2650                      0.7974268274976201
2660                      0.801287921720553
2670                      0.8061890312619264
2680                      0.8129460895019783
2690                      0.8215553880383343
2700                      0.8314183174350539
2710                      0.8416441725501578
2720                      0.8513480637916572
2730                      0.8598358942312315
2740                      0.866656827223651
2750                      0.8715780899521439
2760                      0.8745341169109063
2770                      0.8755714131432434
2780                      0.8747934387326848
2790                      0.8723096756159887
2800                      0.8682002988522775
2810                      0.8625127556308846
2820                      0.8553001217276397
2830                      0.8466896742388844
2840                      0.836944451807516
2850                      0.8264747286936787
2860                      0.8157848233657918
2870                      0.8053877529901
2880                      0.7957574673318193
2890                      0.787413350339109
2900                      0.7812640873071027
2910                      0.7792812907666243
2920                      0.7847799222473043
2930                      0.7995034357308476
2940                      0.8180103819454351
2950                      0.8312944867150689
2960                      0.8361789404204087
2970                      0.8343926922050738
2980                      0.8281246427668305
2990                      0.8187184095580157
3000                      0.8069147193713437
3010                      0.7931967405493766
3020                      0.7779720899483178
3030                      0.7616353432021802
3040                      0.7445686770402374
3050                      0.7271149066600451
3060                      0.7095414791212158
3070                      0.6920070837976374
3080                      0.6745428095315836
3090                      0.6570687440318029
3100                      0.639489528895665
3110                      0.6219525766371138
3120                      0.6053864416273053
3130                      0.5923197987202757
3140                      0.5873356384606597
3150                      0.5953286397897402
3160                      0.6166395833606817
3170                      0.6439368394448433
3180                      0.6666246471610446
3190                      0.6777224770481174
3200                      0.6758626974086875
3210                      0.6636522113128662
3220                      0.645832017453886
3230                      0.627987692679076
3240                      0.6154475418811356
3250                      0.6123471623263237
3260                      0.6210691035198966
3270                      0.642050419849957
3280                      0.6738386702011601
3290                      0.7134654564844487
3300                      0.7572372266636788
3310                      0.8015658175693862
3320                      0.8428232144263132
3330                      0.8764486940233339
3340                      0.8982718860144354
3350                      0.9068262479298386
3360                      0.9027149466911915
3370                      0.8871994218732858
3380                      0.8623587692080349
3390                      0.832569920073693
3400                      0.8060969565915884
3410                      0.7946470744520683
3420                      0.8088456155423761
3430                      0.8498805422429445
