10                        6.626774378763148E-4
20                        0.0026638455993727083
30                        0.006043835539935061
40                        0.010873052332706934
50                        0.01725715338950627
60                        0.02534515378623626
70                        0.03534145141031923
80                        0.04752323933761305
90                        0.062265333517650484
100                       0.08007490177846122
110                       0.10163821958955516
120                       0.12787814448917528
130                       0.16000801891292118
140                       0.19952809245931144
150                       0.24800560118355758
160                       0.3062538913695029
170                       0.3722615003510916
180                       0.43780964882459666
190                       0.4873663132802995
200                       0.5069224825954511
210                       0.498658205620711
220                       0.47983320109364586
230                       0.4669259883643834
240                       0.4672959170493411
250                       0.48110968846088314
260                       0.5048572875510111
270                       0.5331994201701968
280                       0.5600648409123096
290                       0.5802675234421033
300                       0.5915639017118027
310                       0.5955885601387202
320                       0.5965431474768222
330                       0.5986827299017564
340                       0.604508361459209
350                       0.6143542357532964
360                       0.6268930394496974
370                       0.6399762408285701
380                       0.6515142950244693
390                       0.6602081515325522
400                       0.6659068798358876
410                       0.6694512977175339
420                       0.6721275091442863
430                       0.6750655615013502
440                       0.6788807543889208
450                       0.6836483900722825
460                       0.6891211813481066
470                       0.6950261558221869
480                       0.7012921751350102
490                       0.7081247905665311
500                       0.7159340691791465
510                       0.7251926589836549
520                       0.7363180520145364
530                       0.7496312407937501
540                       0.7653641011765887
550                       0.7835724027975687
560                       0.8036618555723488
570                       0.8233215189776852
580                       0.8379334448569993
590                       0.8432775403037905
600                       0.8400565269755556
610                       0.8330024408708986
620                       0.8262060015829404
630                       0.8213850765523643
640                       0.8187296994874819
650                       0.8178684817511038
660                       0.8183379702881941
670                       0.8197425515311181
680                       0.8217883174698312
690                       0.8242727814734454
700                       0.8270611739594927
710                       0.8300621010233052
720                       0.8332089839406004
730                       0.8364499461378873
740                       0.8397456584813765
750                       0.8430724498353953
760                       0.8464272790211135
770                       0.8498319248041452
780                       0.853335399988787
790                       0.8570152780827415
800                       0.8609794442362766
810                       0.8653687586968406
820                       0.8703567760940596
830                       0.8761331924244921
840                       0.8828451918854504
850                       0.890474837259639
860                       0.8986945041723701
870                       0.9068567610457103
880                       0.914246363571949
890                       0.9204258433204837
900                       0.9253545727182316
910                       0.9292488597361871
920                       0.9324034351369791
930                       0.9351251863496508
940                       0.9377921462092466
950                       0.9409710911026549
960                       0.9453538151254391
970                       0.9511419197544901
980                       0.9574683993350205
990                       0.9631867053596623
1000                      0.9678855616571335
1010                      0.9717331163383471
1020                      0.9749996649311349
1030                      0.9778710127281587
1040                      0.9804426089609773
1050                      0.9827529306770773
1060                      0.9848128486002884
1070                      0.9866271222810907
1080                      0.9882114245916118
1090                      0.9896065489526858
1100                      0.9908869628888062
1110                      0.9921555130453719
1120                      0.9935145395722842
1130                      0.9950142681756489
1140                      0.9966025877603261
1150                      0.998113512103483
1160                      0.9993082241212145
1170                      0.9999402686108856
1180                      0.9998035324974894
1190                      0.9987461677304053
1200                      0.9966602940395185
1210                      0.9934643212819703
1220                      0.9890888018068109
1230                      0.9834700130229462
1240                      0.9765526180949765
1250                      0.9683033541667214
1260                      0.9587407388669388
1270                      0.9479912942240805
1280                      0.9363915897344036
1290                      0.9246666677927708
1300                      0.9142158425970387
1310                      0.9074634949461596
1320                      0.9079037479314016
1330                      0.9187551600245688
1340                      0.9393673526252582
1350                      0.9628716376457391
1360                      0.9810323363166829
1370                      0.9909231552296778
1380                      0.9943846148332026
1390                      0.9941630511722053
1400                      0.9921895989180481
1410                      0.989674010332793
1420                      0.9874064455774084
1430                      0.9856182812745854
1440                      0.9836200054694214
1450                      0.97990340402727
1460                      0.9729515584418811
1470                      0.9620330943218041
1480                      0.9473145853008893
1490                      0.929492924286374
1500                      0.9094293272317377
1510                      0.8879725231906344
1520                      0.8659274841690311
1530                      0.844088074145772
1540                      0.8232828562998324
1550                      0.8044095301460708
1560                      0.7884438135893819
1570                      0.7764097748872232
1580                      0.7692983318359611
1590                      0.7679257641361957
1600                      0.7727407409715327
1610                      0.7836183978885154
1620                      0.7997141022327989
1630                      0.8194638053838067
1640                      0.8407855047284349
1650                      0.8614556830993215
1660                      0.879546540768766
1670                      0.8937703160978043
1680                      0.9035970157387351
1690                      0.9090226040581253
1700                      0.9097231038238303
1710                      0.9027637222836876
