10                        9.219308921502253E-4
20                        0.003702811740768398
30                        0.008388978034681433
40                        0.015061349513935516
50                        0.023841402483068527
60                        0.03490045067222219
70                        0.048473272029750984
80                        0.06487755627394474
90                        0.08454107463867594
100                       0.10803856085786702
110                       0.13613900489848296
120                       0.16985844400523353
130                       0.21049552456867424
140                       0.25957793789969685
150                       0.3185286539768545
160                       0.38763334057506404
170                       0.46371221544864916
180                       0.5367898450912971
190                       0.5899329330875501
200                       0.6093900986235402
210                       0.5990089711759368
220                       0.5777618751679617
230                       0.5632225819648576
240                       0.5631092459697912
250                       0.5773453591741986
260                       0.601884788280461
270                       0.6308667641938778
280                       0.6579353193158954
290                       0.6779305217545805
300                       0.6888265328712965
310                       0.6924593796438957
320                       0.6931011922875873
330                       0.6949566587123012
340                       0.7004047922732659
350                       0.7096354394845128
360                       0.7212095544313087
370                       0.7329487049250505
380                       0.7428293187372291
390                       0.74967597474605
400                       0.7534474780252828
410                       0.7550222363716407
420                       0.7556433061890874
430                       0.7563581015402587
440                       0.7577232340943658
450                       0.7598337168104246
460                       0.7625600276647632
470                       0.765815465767039
480                       0.7697128126670778
490                       0.7745614307470599
500                       0.7807525030991987
510                       0.7886291717437319
520                       0.7984211963716338
530                       0.8102640851881775
540                       0.8242454274231162
550                       0.8403139074959185
560                       0.8577589149912249
570                       0.8741964316246819
580                       0.8854767470864903
590                       0.8887540924504228
600                       0.8856040504636326
610                       0.8799698003660085
620                       0.8747009741643516
630                       0.8708802495021579
640                       0.8685936817586086
650                       0.8675747655844449
660                       0.8674986291322304
670                       0.8680840372783867
680                       0.8691170883547434
690                       0.8704454540807276
700                       0.8719626525662929
710                       0.873591627741137
720                       0.8752726726035162
730                       0.8769576201052532
740                       0.8786095223841528
750                       0.880205289893039
760                       0.88173839435136
770                       0.8832196562338361
780                       0.884675832073833
790                       0.8861475779295857
800                       0.8876898905883815
810                       0.8893787366496004
820                       0.891325667484848
830                       0.8936937143526436
840                       0.8966884739680971
850                       0.9004815016762077
860                       0.9050648377409809
870                       0.9101585478884787
880                       0.9153139951963498
890                       0.9201322086985042
900                       0.9243815356433959
910                       0.9279615929603784
920                       0.9308099382786759
930                       0.9328386328518907
940                       0.9339720704648233
950                       0.9343953993570384
960                       0.9349072732007231
970                       0.936566285194582
980                       0.9395960531432866
990                       0.9433814358230208
1000                      0.9473288271664826
1010                      0.9511715173282143
1020                      0.9548468093958449
1030                      0.958363507244279
1040                      0.9617384012049071
1050                      0.9649706581507226
1060                      0.9680289232207541
1070                      0.9708412603406441
1080                      0.9732880336121612
1090                      0.9752057289917705
1100                      0.9764149976903136
1110                      0.9767802094502087
1120                      0.9762814941905579
1130                      0.9750494654703439
1140                      0.9733233434955831
1150                      0.971355087459395
1160                      0.9693262716773456
1170                      0.9673196094295885
1180                      0.9653362144584835
1190                      0.9633289922073369
1200                      0.961231896720154
1210                      0.9589794813939932
1220                      0.9565191628952933
1230                      0.9538207718509297
1240                      0.9508879681254759
1250                      0.9477762436973658
1260                      0.9446234108243652
1270                      0.9417005749666412
1280                      0.9394920959038562
1290                      0.9387999829639374
1300                      0.9408010962535232
1310                      0.9467891398939526
1320                      0.9571300934888979
1330                      0.969768983544098
1340                      0.9807815771252142
1350                      0.987622719562266
1360                      0.9905154959660537
1370                      0.990852442885836
1380                      0.9898379906622244
1390                      0.9882758881899711
1400                      0.9866924703709079
1410                      0.9853074583405398
1420                      0.9838317589626457
1430                      0.9813818613347833
1440                      0.9768686403225324
1450                      0.9696865285838564
1460                      0.9600127528476139
1470                      0.9485181042310529
1480                      0.9359531585624784
1490                      0.9229495062915634
1500                      0.9100153435801037
1510                      0.8976045491359914
1520                      0.8861882514564017
1530                      0.8763051792813826
1540                      0.8685831286419479
1550                      0.8637230350795743
1560                      0.8624329532699421
1570                      0.8653013260976677
1580                      0.8726156943265043
1590                      0.8841677667931073
1600                      0.8991258089835102
1610                      0.9160664562576776
1620                      0.9332065003784891
1630                      0.9487731058189008
1640                      0.9613698426620056
1650                      0.9702035811945393
1660                      0.9751216514181517
1670                      0.9764905389011328
1680                      0.9749579658630196
1690                      0.9710562286905676
1700                      0.9644165801944288
1710                      0.9520158079108476
