10                        9.218192774820003E-4
20                        0.003701005926323713
30                        0.008379686607973308
40                        0.015031301487428475
50                        0.023765810007557467
60                        0.03473774252231941
70                        0.048157955501608375
80                        0.06431030199701744
90                        0.08357477443442882
100                       0.10645876716571326
110                       0.13363717361866212
120                       0.165997929881919
130                       0.20467669400237445
140                       0.2510288587559293
150                       0.3064003705385821
160                       0.3713842584500499
170                       0.44405260271358893
180                       0.5170480767754708
190                       0.5760228667480274
200                       0.6058025419975726
210                       0.6041991263099615
220                       0.5859808580075218
230                       0.5696042775977175
240                       0.565522611856424
250                       0.57563363643989
260                       0.5969449405509516
270                       0.6241869231453093
280                       0.6512412312327639
290                       0.6726079700167875
300                       0.6852619467230523
310                       0.6898459571235535
320                       0.6899656925877516
330                       0.6899786703814672
340                       0.6929695189946098
350                       0.6999703066340759
360                       0.7102396063520524
370                       0.7220007831231918
380                       0.733257129984594
390                       0.7425048110516966
400                       0.7491842382137771
410                       0.753723457665022
420                       0.7571813361926409
430                       0.760707064042296
440                       0.7650977583976003
450                       0.770615508129717
460                       0.7770564341067377
470                       0.7839688879779358
480                       0.7909039740365933
490                       0.7976068121753302
500                       0.8040973952356766
510                       0.8106404286991779
520                       0.8176515001891684
530                       0.8256090453425265
540                       0.8350227419120215
550                       0.8464460588274597
560                       0.8603999144242839
570                       0.8768990782795242
580                       0.8943723115057758
590                       0.9090758542597321
600                       0.9173578363898496
610                       0.9190266079947212
620                       0.9167737461010806
630                       0.9132828676083881
640                       0.9100028125683851
650                       0.9074220601472472
660                       0.9055668636657933
670                       0.9043054249800112
680                       0.9034851767218091
690                       0.9029815954791403
700                       0.9027063716381837
710                       0.9025994087068749
720                       0.902617471762432
730                       0.9027259878733052
740                       0.9028962334709221
750                       0.9031072328263229
760                       0.9033502730530958
770                       0.9036340002437057
780                       0.9039891819203105
790                       0.9044737036045644
800                       0.9051794098265721
810                       0.9062420914882856
820                       0.9078529118243356
830                       0.910261735527241
840                       0.9137489473771772
850                       0.9185305430107482
860                       0.9245841482736858
870                       0.9314814016178754
880                       0.9384183333728345
890                       0.944528455849948
900                       0.9492502018493187
910                       0.952450810755469
920                       0.9543041377100925
930                       0.9551282853011858
940                       0.9553310729316363
950                       0.9554894664282397
960                       0.9564758106782811
970                       0.9593139822816449
980                       0.9643549909388918
990                       0.9704747882429821
1000                      0.9759152338866302
1010                      0.9797673448157399
1020                      0.9820992363744676
1030                      0.9833279216225428
1040                      0.98383332768328
1050                      0.9838727460240385
1060                      0.9836054046479638
1070                      0.9831319855177713
1080                      0.9825257179511478
1090                      0.9818543123000831
1100                      0.9811951087690386
1110                      0.9806435864895526
1120                      0.9803122990892824
1130                      0.9803160412920605
1140                      0.9807429259374055
1150                      0.9816211487606924
1160                      0.9829005782421116
1170                      0.9844642208039242
1180                      0.9861652671110109
1190                      0.9878684311618542
1200                      0.9894759318978235
1210                      0.990933176717351
1220                      0.9922209545598248
1230                      0.9933431831554975
1240                      0.994315877773407
1250                      0.9951591868516788
1260                      0.9958921091134623
1270                      0.9965286551492433
1280                      0.9970739780884778
1290                      0.9975187917589692
1300                      0.9978299162190967
1310                      0.9979340709268869
1320                      0.9976921122863198
1330                      0.9968663718947902
1340                      0.9951084904307259
1350                      0.9920598878304936
1360                      0.9877065406076371
1370                      0.9828392951982616
1380                      0.9788049503654145
1390                      0.9763686295062283
1400                      0.9752074930192959
1410                      0.9744932645674479
1420                      0.9734434167219402
1430                      0.9714298755368519
1440                      0.9679529299953603
1450                      0.962727875054414
1460                      0.955853218170392
1470                      0.9478313077266011
1480                      0.9393407670445316
1490                      0.9309580220897502
1500                      0.9230365922382862
1510                      0.9157407254246609
1520                      0.9091297439602996
1530                      0.9032270869751013
1540                      0.8980601652035254
1550                      0.8936782724043564
1560                      0.890157423822455
1570                      0.887597399478156
1580                      0.8861130368279553
1590                      0.8858199668712876
1600                      0.8868144124234548
1610                      0.8891472887979264
1620                      0.8927947196768932
1630                      0.897630089501412
1640                      0.903406153949971
1650                      0.9097578317962995
1660                      0.9162348244690136
1670                      0.9223667022032114
1680                      0.9277528066514712
1690                      0.9321595245221014
1700                      0.9356022623753374
1710                      0.9383862019997844
1720                      0.9410623103463462
1730                      0.9441922189406616
1740                      0.9477121182188342
1750                      0.9498460965461627
1760                      0.9468030680375877
1770                      0.9357239604546648
1780                      0.9185571261210078
1790                      0.900375037042454
1800                      0.8850591569697299
1810                      0.8742116097451148
1820                      0.8681547841051465
1830                      0.8667776347251477
1840                      0.869849253706802
1850                      0.8770435173454281
1860                      0.8878591813406166
1870                      0.9015225059740215
1880                      0.9169253184970149
1890                      0.9326499931793035
1900                      0.9471264799007822
1910                      0.9589217404107416
1920                      0.967072684487611
1930                      0.9712992999634141
1940                      0.9719724660398522
1950                      0.9698674468434039
1960                      0.9658677359234403
1970                      0.9607677252502765
1980                      0.9552000841761071
1990                      0.9496113849603204
2000                      0.9441862402353352
2010                      0.9386728288452157
2020                      0.9322064000287102
2030                      0.9234390229485858
2040                      0.9112574500070939
2050                      0.8957238396458889
2060                      0.8783002699057638
2070                      0.8611355975638251
2080                      0.8462441659581792
2090                      0.8352172364911888
2100                      0.8293858497554055
2110                      0.8301031939403881
2120                      0.8388133862992936
2130                      0.8563248650485287
2140                      0.8804532192614298
2150                      0.9034099460170764
2160                      0.915570855663201
2170                      0.9149590728472403
2180                      0.9072519648023764
2190                      0.898019329128552
2200                      0.8896405431232383
2210                      0.8824155283735541
2220                      0.8759393242759845
2230                      0.8697859850179278
2240                      0.8637473368628382
2250                      0.8578785943736503
2260                      0.8524679069248463
2270                      0.8479734012721393
2280                      0.8449413837506744
2290                      0.8439081698729499
2300                      0.8452852498436106
2310                      0.8492312559502226
2320                      0.855525522543174
2330                      0.8634764499436726
2340                      0.8719161026355154
2350                      0.8793328879460285
2360                      0.8841559018020185
2370                      0.8851270749751364
2380                      0.8816231973227265
2390                      0.8737858112335298
2400                      0.8624064166097926
2410                      0.848637991886384
2420                      0.8336721813092494
2430                      0.8185021893582216
2440                      0.8038237123874763
2450                      0.7900657638212186
2460                      0.7775164588378344
2470                      0.7665124724333005
2480                      0.757681247965197
2490                      0.7522458069815785
2500                      0.7523817404288219
2510                      0.7614026261331407
2520                      0.7827623218623648
2530                      0.8156910591873342
2540                      0.8488074272924389
2550                      0.8655128758015708
2560                      0.8625880825639805
2570                      0.8511438756559848
2580                      0.8424720823245737
2590                      0.8419795150400308
2600                      0.8497856683325841
2610                      0.8624437464622314
2620                      0.8756625612473936
2630                      0.8869460274907423
2640                      0.8960011151830846
2650                      0.9035734413324308
2660                      0.9105144596048015
2670                      0.9174930840763321
2680                      0.9249299761590151
2690                      0.9329016552719236
2700                      0.9411022376987641
2710                      0.9489741620293305
2720                      0.9559262540549281
2730                      0.9614954129213186
2740                      0.9654050111107186
2750                      0.9675524498789898
2760                      0.9679670657154835
2770                      0.966762036997242
2780                      0.964092031967855
2790                      0.9601256366846984
2800                      0.9550406043116716
2810                      0.9490423573003156
2820                      0.9423900831128177
2830                      0.935401222497773
2840                      0.9284114296118214
2850                      0.921694771304952
2860                      0.9153767337479574
2870                      0.9093838083653822
2880                      0.9034847342446019
2890                      0.8975370036681102
2900                      0.8921790905597653
2910                      0.8900454651261389
2920                      0.8956179734918054
2930                      0.9097615520727681
2940                      0.9256094265392647
2950                      0.9362207753586533
2960                      0.94003207762331
2970                      0.9382451059596029
2980                      0.9323041213379435
2990                      0.9232926587511261
3000                      0.9119993865784672
3010                      0.8990402363682338
3020                      0.8849197163024408
3030                      0.8700384210106291
3040                      0.8546660858326941
3050                      0.8388938734878004
3060                      0.8225769657113544
3070                      0.8052859323114026
3080                      0.7863136555995044
3090                      0.7648539961848762
3100                      0.74058864718638
3110                      0.7149608641693985
3120                      0.69279068834422
3130                      0.681895652884497
3140                      0.6877643351235716
3150                      0.7072060569763648
3160                      0.7300175764581778
3170                      0.7464955537590718
3180                      0.7517381265862961
3190                      0.7455587772676584
3200                      0.7310846485565542
3210                      0.7132679758627342
3220                      0.6973049434537091
3230                      0.6873347255519201
3240                      0.685979200053719
3250                      0.6945248758506197
3260                      0.7130088679958693
3270                      0.7400367190248713
3280                      0.772885129859352
3290                      0.8083340128705262
3300                      0.8440081477572133
3310                      0.8789626400398747
3320                      0.9116523223077789
3330                      0.9380451702801513
3340                      0.9544045689919067
3350                      0.9594660385463488
3360                      0.9535122100458917
3370                      0.9378042796969949
3380                      0.9152710705212181
3390                      0.89123561079665
3400                      0.8726391398939354
3410                      0.8655442852211943
3420                      0.8727318362662725
3430                      0.8920562892538881
